1
530 3562 3082 3542 
1
2151 2817 3361 2392 
1
916 1344 2798 615 
1
2734 3187 206 385 
1
1540 3445 1088 3947 
1
2225 1969 3895 840 
1
4383 2021 992 1976 
1
2651 2696 3224 1587 
1
3035 1991 3353 3894 
1
3657 19 2067 2244 
1
1687 485 3834 4182 
1
1100 3808 701 3035 
1
3384 1484 2789 1114 
1
1512 3185 161 3899 
1
4000 1185 2338 78 
1
861 3910 174 2099 
1
1758 3440 1861 2297 
1
658 2505 3501 1023 
1
3771 2536 1951 886 
1
227 1103 842 4131 
1
3284 1027 4298 1480 
1
3180 2364 164 1967 
1
3786 2182 1470 1675 
1
2866 4283 1886 4354 
1
4023 253 3483 1469 
1
853 1568 3889 4112 
1
1895 3585 4223 1093 
5
3408 1257 4360 712 
3408 1257 4360 1143 
3408 1257 712 1143 
3408 4360 712 1143 
1257 4360 712 1143 
1
1983 2131 3003 301 
1
2110 644 3823 3228 
1
3651 406 4249 1517 
1
2915 3823 711 482 
1
788 1511 2078 1331 
1
386 2270 3708 3495 
1
1828 384 2486 4335 
1
2830 955 3754 1930 
1
1789 1786 3990 3729 
1
2272 1182 2837 3038 
495
4241 1040 2183 98 
4241 1040 2183 3466 
4241 1040 2183 2264 
4241 1040 2183 2986 
4241 1040 2183 3637 
4241 1040 2183 611 
4241 1040 2183 269 
4241 1040 2183 3858 
4241 1040 2183 3944 
4241 1040 98 3466 
4241 1040 98 2264 
4241 1040 98 2986 
4241 1040 98 3637 
4241 1040 98 611 
4241 1040 98 269 
4241 1040 98 3858 
4241 1040 98 3944 
4241 1040 3466 2264 
4241 1040 3466 2986 
4241 1040 3466 3637 
4241 1040 3466 611 
4241 1040 3466 269 
4241 1040 3466 3858 
4241 1040 3466 3944 
4241 1040 2264 2986 
4241 1040 2264 3637 
4241 1040 2264 611 
4241 1040 2264 269 
4241 1040 2264 3858 
4241 1040 2264 3944 
4241 1040 2986 3637 
4241 1040 2986 611 
4241 1040 2986 269 
4241 1040 2986 3858 
4241 1040 2986 3944 
4241 1040 3637 611 
4241 1040 3637 269 
4241 1040 3637 3858 
4241 1040 3637 3944 
4241 1040 611 269 
4241 1040 611 3858 
4241 1040 611 3944 
4241 1040 269 3858 
4241 1040 269 3944 
4241 1040 3858 3944 
4241 2183 98 3466 
4241 2183 98 2264 
4241 2183 98 2986 
4241 2183 98 3637 
4241 2183 98 611 
4241 2183 98 269 
4241 2183 98 3858 
4241 2183 98 3944 
4241 2183 3466 2264 
4241 2183 3466 2986 
4241 2183 3466 3637 
4241 2183 3466 611 
4241 2183 3466 269 
4241 2183 3466 3858 
4241 2183 3466 3944 
4241 2183 2264 2986 
4241 2183 2264 3637 
4241 2183 2264 611 
4241 2183 2264 269 
4241 2183 2264 3858 
4241 2183 2264 3944 
4241 2183 2986 3637 
4241 2183 2986 611 
4241 2183 2986 269 
4241 2183 2986 3858 
4241 2183 2986 3944 
4241 2183 3637 611 
4241 2183 3637 269 
4241 2183 3637 3858 
4241 2183 3637 3944 
4241 2183 611 269 
4241 2183 611 3858 
4241 2183 611 3944 
4241 2183 269 3858 
4241 2183 269 3944 
4241 2183 3858 3944 
4241 98 3466 2264 
4241 98 3466 2986 
4241 98 3466 3637 
4241 98 3466 611 
4241 98 3466 269 
4241 98 3466 3858 
4241 98 3466 3944 
4241 98 2264 2986 
4241 98 2264 3637 
4241 98 2264 611 
4241 98 2264 269 
4241 98 2264 3858 
4241 98 2264 3944 
4241 98 2986 3637 
4241 98 2986 611 
4241 98 2986 269 
4241 98 2986 3858 
4241 98 2986 3944 
4241 98 3637 611 
4241 98 3637 269 
4241 98 3637 3858 
4241 98 3637 3944 
4241 98 611 269 
4241 98 611 3858 
4241 98 611 3944 
4241 98 269 3858 
4241 98 269 3944 
4241 98 3858 3944 
4241 3466 2264 2986 
4241 3466 2264 3637 
4241 3466 2264 611 
4241 3466 2264 269 
4241 3466 2264 3858 
4241 3466 2264 3944 
4241 3466 2986 3637 
4241 3466 2986 611 
4241 3466 2986 269 
4241 3466 2986 3858 
4241 3466 2986 3944 
4241 3466 3637 611 
4241 3466 3637 269 
4241 3466 3637 3858 
4241 3466 3637 3944 
4241 3466 611 269 
4241 3466 611 3858 
4241 3466 611 3944 
4241 3466 269 3858 
4241 3466 269 3944 
4241 3466 3858 3944 
4241 2264 2986 3637 
4241 2264 2986 611 
4241 2264 2986 269 
4241 2264 2986 3858 
4241 2264 2986 3944 
4241 2264 3637 611 
4241 2264 3637 269 
4241 2264 3637 3858 
4241 2264 3637 3944 
4241 2264 611 269 
4241 2264 611 3858 
4241 2264 611 3944 
4241 2264 269 3858 
4241 2264 269 3944 
4241 2264 3858 3944 
4241 2986 3637 611 
4241 2986 3637 269 
4241 2986 3637 3858 
4241 2986 3637 3944 
4241 2986 611 269 
4241 2986 611 3858 
4241 2986 611 3944 
4241 2986 269 3858 
4241 2986 269 3944 
4241 2986 3858 3944 
4241 3637 611 269 
4241 3637 611 3858 
4241 3637 611 3944 
4241 3637 269 3858 
4241 3637 269 3944 
4241 3637 3858 3944 
4241 611 269 3858 
4241 611 269 3944 
4241 611 3858 3944 
4241 269 3858 3944 
1040 2183 98 3466 
1040 2183 98 2264 
1040 2183 98 2986 
1040 2183 98 3637 
1040 2183 98 611 
1040 2183 98 269 
1040 2183 98 3858 
1040 2183 98 3944 
1040 2183 3466 2264 
1040 2183 3466 2986 
1040 2183 3466 3637 
1040 2183 3466 611 
1040 2183 3466 269 
1040 2183 3466 3858 
1040 2183 3466 3944 
1040 2183 2264 2986 
1040 2183 2264 3637 
1040 2183 2264 611 
1040 2183 2264 269 
1040 2183 2264 3858 
1040 2183 2264 3944 
1040 2183 2986 3637 
1040 2183 2986 611 
1040 2183 2986 269 
1040 2183 2986 3858 
1040 2183 2986 3944 
1040 2183 3637 611 
1040 2183 3637 269 
1040 2183 3637 3858 
1040 2183 3637 3944 
1040 2183 611 269 
1040 2183 611 3858 
1040 2183 611 3944 
1040 2183 269 3858 
1040 2183 269 3944 
1040 2183 3858 3944 
1040 98 3466 2264 
1040 98 3466 2986 
1040 98 3466 3637 
1040 98 3466 611 
1040 98 3466 269 
1040 98 3466 3858 
1040 98 3466 3944 
1040 98 2264 2986 
1040 98 2264 3637 
1040 98 2264 611 
1040 98 2264 269 
1040 98 2264 3858 
1040 98 2264 3944 
1040 98 2986 3637 
1040 98 2986 611 
1040 98 2986 269 
1040 98 2986 3858 
1040 98 2986 3944 
1040 98 3637 611 
1040 98 3637 269 
1040 98 3637 3858 
1040 98 3637 3944 
1040 98 611 269 
1040 98 611 3858 
1040 98 611 3944 
1040 98 269 3858 
1040 98 269 3944 
1040 98 3858 3944 
1040 3466 2264 2986 
1040 3466 2264 3637 
1040 3466 2264 611 
1040 3466 2264 269 
1040 3466 2264 3858 
1040 3466 2264 3944 
1040 3466 2986 3637 
1040 3466 2986 611 
1040 3466 2986 269 
1040 3466 2986 3858 
1040 3466 2986 3944 
1040 3466 3637 611 
1040 3466 3637 269 
1040 3466 3637 3858 
1040 3466 3637 3944 
1040 3466 611 269 
1040 3466 611 3858 
1040 3466 611 3944 
1040 3466 269 3858 
1040 3466 269 3944 
1040 3466 3858 3944 
1040 2264 2986 3637 
1040 2264 2986 611 
1040 2264 2986 269 
1040 2264 2986 3858 
1040 2264 2986 3944 
1040 2264 3637 611 
1040 2264 3637 269 
1040 2264 3637 3858 
1040 2264 3637 3944 
1040 2264 611 269 
1040 2264 611 3858 
1040 2264 611 3944 
1040 2264 269 3858 
1040 2264 269 3944 
1040 2264 3858 3944 
1040 2986 3637 611 
1040 2986 3637 269 
1040 2986 3637 3858 
1040 2986 3637 3944 
1040 2986 611 269 
1040 2986 611 3858 
1040 2986 611 3944 
1040 2986 269 3858 
1040 2986 269 3944 
1040 2986 3858 3944 
1040 3637 611 269 
1040 3637 611 3858 
1040 3637 611 3944 
1040 3637 269 3858 
1040 3637 269 3944 
1040 3637 3858 3944 
1040 611 269 3858 
1040 611 269 3944 
1040 611 3858 3944 
1040 269 3858 3944 
2183 98 3466 2264 
2183 98 3466 2986 
2183 98 3466 3637 
2183 98 3466 611 
2183 98 3466 269 
2183 98 3466 3858 
2183 98 3466 3944 
2183 98 2264 2986 
2183 98 2264 3637 
2183 98 2264 611 
2183 98 2264 269 
2183 98 2264 3858 
2183 98 2264 3944 
2183 98 2986 3637 
2183 98 2986 611 
2183 98 2986 269 
2183 98 2986 3858 
2183 98 2986 3944 
2183 98 3637 611 
2183 98 3637 269 
2183 98 3637 3858 
2183 98 3637 3944 
2183 98 611 269 
2183 98 611 3858 
2183 98 611 3944 
2183 98 269 3858 
2183 98 269 3944 
2183 98 3858 3944 
2183 3466 2264 2986 
2183 3466 2264 3637 
2183 3466 2264 611 
2183 3466 2264 269 
2183 3466 2264 3858 
2183 3466 2264 3944 
2183 3466 2986 3637 
2183 3466 2986 611 
2183 3466 2986 269 
2183 3466 2986 3858 
2183 3466 2986 3944 
2183 3466 3637 611 
2183 3466 3637 269 
2183 3466 3637 3858 
2183 3466 3637 3944 
2183 3466 611 269 
2183 3466 611 3858 
2183 3466 611 3944 
2183 3466 269 3858 
2183 3466 269 3944 
2183 3466 3858 3944 
2183 2264 2986 3637 
2183 2264 2986 611 
2183 2264 2986 269 
2183 2264 2986 3858 
2183 2264 2986 3944 
2183 2264 3637 611 
2183 2264 3637 269 
2183 2264 3637 3858 
2183 2264 3637 3944 
2183 2264 611 269 
2183 2264 611 3858 
2183 2264 611 3944 
2183 2264 269 3858 
2183 2264 269 3944 
2183 2264 3858 3944 
2183 2986 3637 611 
2183 2986 3637 269 
2183 2986 3637 3858 
2183 2986 3637 3944 
2183 2986 611 269 
2183 2986 611 3858 
2183 2986 611 3944 
2183 2986 269 3858 
2183 2986 269 3944 
2183 2986 3858 3944 
2183 3637 611 269 
2183 3637 611 3858 
2183 3637 611 3944 
2183 3637 269 3858 
2183 3637 269 3944 
2183 3637 3858 3944 
2183 611 269 3858 
2183 611 269 3944 
2183 611 3858 3944 
2183 269 3858 3944 
98 3466 2264 2986 
98 3466 2264 3637 
98 3466 2264 611 
98 3466 2264 269 
98 3466 2264 3858 
98 3466 2264 3944 
98 3466 2986 3637 
98 3466 2986 611 
98 3466 2986 269 
98 3466 2986 3858 
98 3466 2986 3944 
98 3466 3637 611 
98 3466 3637 269 
98 3466 3637 3858 
98 3466 3637 3944 
98 3466 611 269 
98 3466 611 3858 
98 3466 611 3944 
98 3466 269 3858 
98 3466 269 3944 
98 3466 3858 3944 
98 2264 2986 3637 
98 2264 2986 611 
98 2264 2986 269 
98 2264 2986 3858 
98 2264 2986 3944 
98 2264 3637 611 
98 2264 3637 269 
98 2264 3637 3858 
98 2264 3637 3944 
98 2264 611 269 
98 2264 611 3858 
98 2264 611 3944 
98 2264 269 3858 
98 2264 269 3944 
98 2264 3858 3944 
98 2986 3637 611 
98 2986 3637 269 
98 2986 3637 3858 
98 2986 3637 3944 
98 2986 611 269 
98 2986 611 3858 
98 2986 611 3944 
98 2986 269 3858 
98 2986 269 3944 
98 2986 3858 3944 
98 3637 611 269 
98 3637 611 3858 
98 3637 611 3944 
98 3637 269 3858 
98 3637 269 3944 
98 3637 3858 3944 
98 611 269 3858 
98 611 269 3944 
98 611 3858 3944 
98 269 3858 3944 
3466 2264 2986 3637 
3466 2264 2986 611 
3466 2264 2986 269 
3466 2264 2986 3858 
3466 2264 2986 3944 
3466 2264 3637 611 
3466 2264 3637 269 
3466 2264 3637 3858 
3466 2264 3637 3944 
3466 2264 611 269 
3466 2264 611 3858 
3466 2264 611 3944 
3466 2264 269 3858 
3466 2264 269 3944 
3466 2264 3858 3944 
3466 2986 3637 611 
3466 2986 3637 269 
3466 2986 3637 3858 
3466 2986 3637 3944 
3466 2986 611 269 
3466 2986 611 3858 
3466 2986 611 3944 
3466 2986 269 3858 
3466 2986 269 3944 
3466 2986 3858 3944 
3466 3637 611 269 
3466 3637 611 3858 
3466 3637 611 3944 
3466 3637 269 3858 
3466 3637 269 3944 
3466 3637 3858 3944 
3466 611 269 3858 
3466 611 269 3944 
3466 611 3858 3944 
3466 269 3858 3944 
2264 2986 3637 611 
2264 2986 3637 269 
2264 2986 3637 3858 
2264 2986 3637 3944 
2264 2986 611 269 
2264 2986 611 3858 
2264 2986 611 3944 
2264 2986 269 3858 
2264 2986 269 3944 
2264 2986 3858 3944 
2264 3637 611 269 
2264 3637 611 3858 
2264 3637 611 3944 
2264 3637 269 3858 
2264 3637 269 3944 
2264 3637 3858 3944 
2264 611 269 3858 
2264 611 269 3944 
2264 611 3858 3944 
2264 269 3858 3944 
2986 3637 611 269 
2986 3637 611 3858 
2986 3637 611 3944 
2986 3637 269 3858 
2986 3637 269 3944 
2986 3637 3858 3944 
2986 611 269 3858 
2986 611 269 3944 
2986 611 3858 3944 
2986 269 3858 3944 
3637 611 269 3858 
3637 611 269 3944 
3637 611 3858 3944 
3637 269 3858 3944 
611 269 3858 3944 
--------------------------------------------------------------------------
mpirun noticed that process rank 0 with PID 0 on node SLs-MacBook-Pro exited on signal 6 (Abort trap: 6).
--------------------------------------------------------------------------
